%YAML:1.0
x0: 200
y0: 92
x1: 273
y1: 92
x2: 305
y2: 161
x3: 176
y3: 160
